0 2 580 59 43
0 120 654 126 27
0 162 989 46 35
0 102 0 141 19
0 962 679 60 66
0 576 158 125 32
0 259 886 233 42
0 57 425 153 66
0 787 522 141 49
0 693 207 126 31
0 128 809 104 63
0 342 966 63 58
0 720 398 99 82
0 96 15 102 28
0 947 933 77 21
0 243 558 79 37
0 488 998 44 24
0 430 94 119 65
0 91 410 122 42
0 200 931 152 93
0 555 897 48 39
0 805 79 104 118
0 398 451 126 55
0 248 667 108 34
0 868 893 69 26
0 856 471 91 32
0 728 896 125 33
0 703 487 77 55
0 686 409 71 51
0 86 688 125 45
0 427 212 82 32
0 0 832 69 34
0 120 124 133 60
0 963 208 61 21
0 937 844 87 36
0 237 527 79 26
0 775 641 81 30
0 319 804 75 58
0 647 794 129 29
0 323 230 115 26
0 577 715 81 75
0 731 929 48 20
0 202 843 106 43
0 10 593 160 45
0 724 584 74 94
0 833 843 147 46
0 135 163 53 97
0 428 824 90 38
0 944 79 80 106
0 126 259 132 39
0 417 554 83 33
0 600 920 153 52
0 421 173 121 67
0 828 907 50 114
0 1 52 86 73
0 595 647 95 31
0 260 1 165 101
0 828 241 112 47
0 105 912 92 112
0 205 187 136 34
0 987 536 37 49
0 297 339 114 30
0 869 383 79 51
0 408 288 106 28
0 65 663 101 96
0 162 409 203 73
0 664 137 113 50
0 748 872 106 116
0 634 531 125 56
0 537 14 99 20
0 761 936 137 86
0 339 257 95 22
