0 573 708 92 79
0 866 381 84 54
0 256 4 164 100
0 320 799 79 62
0 801 74 112 128
0 114 120 141 68
0 556 890 53 51
0 241 521 77 31
0 245 657 117 49
0 853 465 94 39
0 702 483 85 63
0 428 819 91 48
0 728 581 74 93
0 417 546 81 44
0 391 444 135 66
0 306 575 112 41
0 647 786 132 40
0 124 651 115 33
0 106 911 95 113
0 124 811 108 64
0 662 131 110 54
0 617 916 122 61
0 3 35 91 93
0 597 643 93 39
0 947 926 77 30
0 102 11 98 29
0 786 515 137 51
0 426 92 114 68
0 576 151 119 42
0 824 236 114 45
0 51 418 164 80
0 715 391 110 95
0 626 523 145 68
0 5 587 177 58
0 963 203 61 32
0 419 174 125 69
0 240 555 72 44
0 684 200 137 41
0 88 407 103 44
0 125 253 128 44
0 335 227 121 37
0 775 642 85 34
0 160 403 203 82
0 207 186 134 43
0 686 406 69 55
0 0 831 71 49
0 348 967 78 56
0 134 169 56 90
0 837 848 97 42
0 430 215 73 34
0 869 891 50 29
0 75 671 132 75
0 408 281 105 37
0 186 926 188 101
0 930 82 97 81
0 267 872 224 59
0 986 537 38 49
0 482 993 55 29
0 297 408 41 41
0 750 978 75 47
0 539 14 90 23
0 341 252 92 29
0 965 675 60 90
0 237 843 65 33
0 381 570 80 31
0 746 879 102 103
0 936 837 86 43
0 302 332 103 35
0 822 919 56 103
0 995 966 29 39
0 1 96 39 51
0 1 573 61 41
0 200 847 71 40
0 722 926 66 27
